AC	RT	POR	SW	OIL
meter	meter	meter	meter	meter
533.1287	28.2243	49.887	95.9142	水层
525.4307	28.3344	49.6136	96.1692	水层
525.4307	28.3344	49.3402	96.4275	水层
525.4307	28.3344	49.0669	96.6891	水层
525.4307	28.3344	48.8699	96.7408	水层
519.8833	28.6613	48.6729	96.7944	水层
519.8833	28.6613	48.4759	96.85	水层
519.8833	28.6613	48.2789	96.9075	水层
519.8833	28.6613	47.9016	96.9548	水层
509.2585	29.4112	47.5243	97.0101	水层
509.2585	29.4112	47.147	97.0734	水层
509.2585	29.4112	46.7697	97.1449	水层
509.2585	29.4112	45.9032	97.5548	水层
484.8586	30.735	45.0367	98.0054	水层
484.8586	30.735	44.1703	98.4987	水层
484.8586	30.735	43.3038	99.0365	水层
484.8586	30.735	41.7412	99.9	水层
440.8569	32.6526	40.1787	99.9	水层
440.8569	32.6526	38.6161	99.9	水层
440.8569	32.6526	37.0535	99.9	水层
440.8569	32.6526	35.0722	99.9	水层
385.0623	35.2792	33.0909	99.9	水层
385.0623	35.2792	31.1095	99.9	水层
385.0623	35.2792	29.1282	99.9	水层
385.0623	35.2792	27.4391	99.9	水层
337.498	38.4801	25.75	99.9	水层
337.498	38.4801	24.061	99.9	水层
337.498	38.4801	22.3719	99.9	水层
337.498	38.4801	21.427	99.9	水层
310.8894	41.6558	20.4821	99.9	水层
310.8894	41.6558	19.5372	99.9	水层
310.8894	41.6558	18.5922	99.9	水层
310.8894	41.6558	18.314	99.9	水层
303.0547	44.1513	18.0358	99.9	水层
303.0547	44.1513	17.7576	99.9	水层
303.0547	44.1513	17.4794	99.9	水层
303.0547	44.1513	17.4833	99.9	水层
303.1667	45.7694	17.4873	99.9	水层
303.1667	45.7694	17.4913	99.9	水层
303.1667	45.7694	17.4953	99.9	水层
303.1667	45.7694	17.5747	99.9	水层
305.4033	46.9606	17.6541	99.9	水层
305.4033	46.9606	17.7335	99.9	水层
305.4033	46.9606	17.813	99.9	水层
305.4033	46.9606	18.0485	99.9	水层
312.0344	48.1928	18.2839	99.9	水层
312.0344	48.1928	18.5194	99.9	水层
312.0344	48.1928	18.7549	99.9	水层
312.0344	48.1928	19.2439	99.9	水层
325.8042	49.8471	19.7329	99.9	水层
325.8042	49.8471	20.2218	99.9	水层
325.8042	49.8471	20.7108	99.9	水层
325.8042	49.8471	21.2517	99.9	水层
341.0347	52.1745	21.7925	99.9	水层
341.0347	52.1745	22.3334	99.9	水层
341.0347	52.1745	22.8742	99.9	水层
341.0347	52.1745	23.1353	99.9	水层
348.386	54.99	23.3964	99.9	水层
348.386	54.99	23.6574	99.9	水层
348.386	54.99	23.9185	99.9	水层
348.386	54.99	23.7702	99.9	水层
344.2122	58.1369	23.622	99.9	水层
344.2122	58.1369	23.4738	99.9	水层
344.2122	58.1369	23.3256	99.9	水层
344.2122	58.1369	22.9044	99.9	水层
332.3501	61.6297	22.4831	99.9	水层
332.3501	61.6297	22.0619	99.9	水层
332.3501	61.6297	21.6406	99.9	水层
332.3501	61.6297	21.2558	99.9	水层
321.5139	64.4394	20.871	99.9	水层
321.5139	64.4394	20.4862	99.9	水层
321.5139	64.4394	20.1014	99.9	水层
321.5139	64.4394	19.9709	99.9	水层
317.8379	64.2946	19.8403	99.9	水层
317.8379	64.2946	19.7098	99.9	水层
317.8379	64.2946	19.5792	99.9	水层
317.8379	64.2946	19.8719	99.9	水层
326.0796	59.6558	20.1646	99.9	水层
326.0796	59.6558	20.4573	99.9	水层
326.0796	59.6558	20.7499	99.9	水层
326.0796	59.6558	21.6792	99.9	水层
352.2473	51.6641	22.6084	99.9	水层
352.2473	51.6641	23.5377	99.9	水层
352.2473	51.6641	24.4669	99.9	水层
352.2473	51.6641	26.0205	99.9	水层
395.9951	43.5478	27.574	99.9	水层
395.9951	43.5478	29.1276	99.9	水层
395.9951	43.5478	30.6811	99.6796	水层
395.9951	43.5478	31.7389	99.215	水层
425.7834	38.3423	32.7968	98.9239	水层
425.7834	38.3423	33.8546	98.8008	水层
425.7834	38.3423	34.9124	98.8423	水层
425.7834	38.3423	35.2815	98.7349	水层
436.178	36.8999	35.6507	98.644	水层
436.178	36.8999	36.0198	98.5693	水层
436.178	36.8999	36.3889	98.5106	水层
436.178	36.8999	35.9675	98.6373	水层
424.311	38.4123	35.5461	98.7838	水层
424.311	38.4123	35.1247	98.9505	水层
424.311	38.4123	34.7033	99.1378	水层
424.311	38.4123	33.8833	99.252	水层
401.2197	42.1004	33.0633	99.4593	水层
401.2197	42.1004	32.2433	99.762	水层
401.2197	42.1004	31.4233	99.9	水层
401.2197	42.1004	30.3442	99.9	水层
370.8347	46.6975	29.2652	99.9	水层
370.8347	46.6975	28.1862	99.9	水层
370.8347	46.6975	27.1072	99.9	水层
370.8347	46.6975	26.4867	99.9	水层
353.3613	50.711	25.8662	99.9	水层
353.3613	50.711	25.2457	99.9	水层
353.3613	50.711	24.6252	99.9	水层
353.3613	50.711	24.3653	99.9	水层
346.042	53.5912	24.1053	99.9	水层
346.042	53.5912	23.8454	99.9	水层
346.042	53.5912	23.5855	99.9	水层
346.042	53.5912	23.3613	99.9	水层
339.7288	55.8633	23.1371	99.9	水层
339.7288	55.8633	22.9129	99.9	水层
339.7288	55.8633	22.6887	99.9	水层
339.7288	55.8633	22.5093	99.9	水层
334.6743	58.0771	22.3298	99.9	水层
334.6743	58.0771	22.1503	99.9	水层
334.6743	58.0771	21.9708	99.9	水层
334.6743	58.0771	22.0179	99.9	水层
336.0012	60.5369	22.065	99.9	水层
336.0012	60.5369	22.1121	99.9	水层
336.0012	60.5369	22.1593	99.9	水层
336.0012	60.5369	22.4422	99.9	水层
343.9675	63.2207	22.7251	99.7472	水层
343.9675	63.2207	23.0079	98.0531	水层
343.9675	63.2207	23.2908	96.4107	水层
343.9675	63.2207	23.6174	94.7688	水层
353.1636	65.5287	23.944	93.179	水层
353.1636	65.5287	24.2705	91.6389	水层
353.1636	65.5287	24.5971	90.1462	水层
353.1636	65.5287	24.8348	89.0668	水层
359.856	67.3069	25.0724	88.0114	水层
359.856	67.3069	25.3101	86.9794	水层
359.856	67.3069	25.5477	85.9699	水层
359.856	67.3069	25.6485	85.4665	水层
362.6951	68.4544	25.7494	84.9684	水层
362.6951	68.4544	25.8502	84.4755	水层
362.6951	68.4544	25.951	83.9878	水层
362.6951	68.4544	25.9534	83.949	水层
362.7639	68.6166	25.9559	83.9102	水层
362.7639	68.6166	25.9583	83.8714	水层
362.7639	68.6166	25.9608	83.8326	水层
362.7639	68.6166	25.9361	84.0939	水层
362.0684	67.629	25.9114	84.3568	水层
362.0684	67.629	25.8867	84.6212	水层
362.0684	67.629	25.862	84.8874	水层
362.0684	67.629	25.8331	85.3204	水层
361.2537	65.9006	25.8041	85.758	水层
361.2537	65.9006	25.7752	86.2004	水层
361.2537	65.9006	25.7463	86.6475	水层
361.2537	65.9006	25.7035	87.2472	水层
360.0488	63.6664	25.6607	87.8554	水层
360.0488	63.6664	25.6179	88.4725	水层
360.0488	63.6664	25.5751	89.0985	水层
360.0488	63.6664	25.4354	90.2095	水层
356.113	60.5473	25.2956	91.3464	水层
356.113	60.5473	25.1558	92.5102	水层
356.113	60.5473	25.0161	93.7018	水层
356.113	60.5473	24.8341	95.3594	水层
350.9885	56.2486	24.6521	97.0727	水层
350.9885	56.2486	24.4701	98.8445	水层
350.9885	56.2486	24.2881	99.9	水层
350.9885	56.2486	24.3454	99.9	水层
352.6001	50.9341	24.4026	99.9	水层
352.6001	50.9341	24.4598	99.9	水层
352.6001	50.9341	24.5171	99.9	水层
352.6001	50.9341	25.0626	99.9	水层
367.9629	45.7984	25.6082	99.9	水层
367.9629	45.7984	26.1537	99.9	水层
367.9629	45.7984	26.6993	99.9	水层
367.9629	45.7984	27.5885	99.9	水层
393.0029	42.3839	28.4777	99.9	水层
393.0029	42.3839	29.3669	99.9	水层
393.0029	42.3839	30.2561	99.9	水层
393.0029	42.3839	30.9072	99.9	水层
411.3376	41.4328	31.5583	99.9	水层
411.3376	41.4328	32.2094	99.0599	水层
411.3376	41.4328	32.8605	98.0205	水层
411.3376	41.4328	32.82	97.6206	水层
410.1992	42.6883	32.7796	97.2262	水层
410.1992	42.6883	32.7392	96.837	水层
410.1992	42.6883	32.6988	96.453	水层
410.1992	42.6883	32.1006	96.6072	水层
393.3547	45.7332	31.5024	96.8146	水层
393.3547	45.7332	30.9042	97.0763	水层
393.3547	45.7332	30.3061	97.3938	水层
393.3547	45.7332	29.7953	97.1199	水层
378.9709	50.0498	29.2845	96.9095	水层
378.9709	50.0498	28.7737	96.7619	水层
378.9709	50.0498	28.2629	96.6765	水层
378.9709	50.0498	28.2596	95.1881	水层
378.8772	54.8549	28.2563	93.7564	水层
459.1616	187.8409	39.8968	31.5078	油层
459.1616	187.8409	39.6536	31.8717	油层
459.1616	187.8409	39.4981	32.1637	油层
454.7825	180.4285	39.3426	32.4611	油层
454.7825	180.4285	39.1871	32.7638	油层
454.7825	180.4285	39.0316	33.0721	油层
454.7825	180.4285	39.0084	33.1904	油层
454.1296	176.9526	38.9852	33.3097	油层
454.1296	176.9526	38.9621	33.43	油层
454.1296	176.9526	38.9389	33.5512	油层
454.1296	176.9526	39.0337	33.46	油层
456.7998	178.1401	39.1285	33.3693	油层
456.7998	178.1401	39.2233	33.2791	油层
456.7998	178.1401	39.3182	33.1893	油层
456.7998	178.1401	39.5211	32.9321	油层
462.5149	182.8898	39.7241	32.6785	油层
462.5149	182.8898	39.927	32.4287	油层
462.5149	182.8898	40.13	32.1824	油层
462.5149	182.8898	40.4099	31.8167	油层
470.397	190.561	40.6898	31.4588	油层
470.397	190.561	40.9697	31.1085	油层
470.397	190.561	41.2496	30.7654	油层
470.397	190.561	41.5505	30.33	油层
478.8716	201.6888	41.8515	29.9063	油层
478.8716	201.6888	42.1524	29.4937	油层
478.8716	201.6888	42.4534	29.092	油层
478.8716	201.6888	42.7447	28.6356	油层
487.0752	215.8217	43.036	28.1931	油层
487.0752	215.8217	43.3273	27.7637	油层
487.0752	215.8217	43.6186	27.3471	油层
487.0752	215.8217	43.8863	26.9457	油层
494.6133	230.2529	44.154	26.5558	油层
494.6133	230.2529	44.4217	26.1769	油层
494.6133	230.2529	44.6894	25.8085	油层
494.6133	230.2529	44.9096	25.5406	油层
500.8154	240.6009	45.1299	25.278	油层
500.8154	240.6009	45.3501	25.0206	油层
500.8154	240.6009	45.5704	24.7683	油层
500.8154	240.6009	45.7041	24.6915	油层
504.5811	242.4751	45.8378	24.6152	油层
504.5811	242.4751	45.9715	24.5394	油层
504.5811	242.4751	46.1053	24.4641	油层
504.5811	242.4751	46.0785	24.6098	油层
503.8267	234.282	46.0517	24.7577	油层
503.8267	234.282	46.0249	24.9076	油层
503.8267	234.282	45.9981	25.0597	油层
503.8267	234.282	45.7439	25.4352	油层
496.6692	218.1426	45.4898	25.8223	油层
496.6692	218.1426	45.2356	26.2214	油层
496.6692	218.1426	44.9814	26.6333	油层
496.6692	218.1426	44.5278	27.2128	油层
483.8955	198.2666	44.0742	27.8175	油层
483.8955	198.2666	43.6206	28.449	油层
483.8955	198.2666	43.167	29.1091	油层
483.8955	198.2666	42.6444	29.8153	油层
469.1812	178.9968	42.1219	30.5553	油层
469.1812	178.9968	41.5994	31.3315	油层
469.1812	178.9968	41.0769	32.1467	油层
469.1812	178.9968	40.6855	32.7936	油层
458.1606	164.2676	40.2942	33.4661	油层
458.1606	164.2676	39.9028	34.1657	油层
458.1606	164.2676	39.5115	34.8941	油层
458.1606	164.2676	39.4185	35.1943	油层
455.5437	157.3055	39.3256	35.5	油层
455.5437	157.3055	39.2327	35.8113	油层
455.5437	157.3055	39.1397	36.1283	油层
455.5437	157.3055	39.3753	35.9087	油层
462.1772	159.3331	39.6109	35.6917	油层
462.1772	159.3331	39.8464	35.4776	油层
462.1772	159.3331	40.082	35.266	油层
462.1772	159.3331	40.466	34.7472	油层
472.99	167.6799	40.8499	34.2426	油层
472.99	167.6799	41.2339	33.7517	油层
472.99	167.6799	41.6179	33.274	油层
472.99	167.6799	41.862	32.8506	油层
479.8638	176.9429	42.1061	32.4375	油层
479.8638	176.9429	42.3502	32.0344	油层
479.8638	176.9429	42.5943	31.641	油层
479.8638	176.9429	42.5353	31.4834	油层
478.2039	183.2984	42.4764	31.3283	油层
478.2039	183.2984	42.4174	31.1756	油层
478.2039	183.2984	42.3585	31.0253	油层
478.2039	183.2984	42.0638	31.0677	油层
469.9055	186.7933	41.7691	31.1121	油层
469.9055	186.7933	41.4744	31.1584	油层
469.9055	186.7933	41.1798	31.2066	油层
469.9055	186.7933	40.8678	31.2515	油层
461.1218	190.8	40.5559	31.2987	油层
461.1218	190.8	40.244	31.3483	油层
461.1218	190.8	39.9321	31.4003	油层
461.1218	190.8	39.7611	31.2626	油层
456.3059	199.228	39.59	31.1285	油层
456.3059	199.228	39.419	30.9979	油层
456.3059	199.228	39.248	30.8707	油层
456.3059	199.228	39.2421	30.4901	油层
456.1404	214.5205	39.2362	30.1212	油层
456.1404	214.5205	39.2304	29.7635	油层
456.1404	214.5205	39.2245	29.4164	油层
456.1404	214.5205	39.343	28.8607	油层
459.4778	237.0743	39.4615	28.328	油层
459.4778	237.0743	39.58	27.8168	油层
459.4778	237.0743	39.6985	27.3257	油层
459.4778	237.0743	39.8936	26.7074	油层
464.9709	265.8279	40.0887	26.1185	油层
464.9709	265.8279	40.2838	25.557	油层
464.9709	265.8279	40.4788	25.0208	油层
464.9709	265.8279	40.6839	24.4609	油层
470.7454	297.5225	40.8889	23.9273	油层
470.7454	297.5225	41.094	23.418	油层
470.7454	297.5225	41.2991	22.9314	油层
470.7454	297.5225	41.4256	22.5199	油层
474.3076	327.0518	41.5521	22.1244	油层
474.3076	327.0518	41.6786	21.7441	油层
474.3076	327.0518	41.8051	21.3779	油层
474.3076	327.0518	41.8323	21.1169	油层
475.0752	350.8574	41.8596	20.8634	油层
475.0752	350.8574	41.8868	20.6172	油层
475.0752	350.8574	41.9141	20.3779	油层
475.0752	350.8574	41.9178	20.2113	油层
475.179	368.3589	41.9215	20.048	油层
475.179	368.3589	41.9251	19.888	油层
475.179	368.3589	41.9288	19.7312	油层
475.179	368.3589	41.9933	19.6048	油层
476.9946	380.5786	42.0578	19.4801	油层
476.9946	380.5786	42.1223	19.3571	油层
476.9946	380.5786	42.1867	19.2358	油层
476.9946	380.5786	42.3419	19.1377	油层
481.365	386.9607	42.4971	19.0405	油层
481.365	386.9607	42.6523	18.9442	油层
481.365	386.9607	42.8075	18.8489	油层
481.365	386.9607	42.9965	18.807	油层
486.6865	385.5598	43.1855	18.7656	油层
486.6865	385.5598	43.3745	18.7247	油层
486.6865	385.5598	43.5634	18.6841	油层
486.6865	385.5598	43.6721	18.7239	油层
489.7473	376.8872	43.7808	18.7643	油层
489.7473	376.8872	43.8895	18.8053	油层
489.7473	376.8872	43.9982	18.8468	油层
489.7473	376.8872	43.9362	18.9485	油层
488.0005	366.6467	43.8741	19.0512	油层
488.0005	366.6467	43.8121	19.1552	油层
488.0005	366.6467	43.7501	19.2604	油层
488.0005	366.6467	43.5168	19.3465	油层
481.4319	364.2742	43.2836	19.4335	油层
481.4319	364.2742	43.0503	19.5215	油层
481.4319	364.2742	42.817	19.6104	油层
481.4319	364.2742	42.5536	19.5825	油层
474.0134	376.2358	42.2901	19.5562	油层
474.0134	376.2358	42.0267	19.5314	油层
474.0134	376.2358	41.7633	19.5082	油层
474.0134	376.2358	41.6986	19.3254	油层
472.1919	400.2634	41.6339	19.1474	油层
472.1919	400.2634	41.5692	18.974	油层
472.1919	400.2634	41.5045	18.8052	油层
472.1919	400.2634	41.7676	18.5316	油层
479.6008	426.1733	42.0307	18.2658	油层
479.6008	426.1733	42.2938	18.0073	油层
479.6008	426.1733	42.5569	17.7558	油层
479.6008	426.1733	42.9189	17.5859	油层
489.7949	437.0652	43.2809	17.4192	油层
489.7949	437.0652	43.643	17.2556	油层
489.7949	437.0652	44.005	17.0951	油层
489.7949	437.0652	43.9507	17.2289	油层
488.2676	418.521	43.8965	17.3651	油层
488.2676	418.521	43.8422	17.5037	油层
488.2676	418.521	43.788	17.6448	油层
488.2676	418.521	42.9492	18.2042	油层
464.6472	371.1208	42.1104	18.7984	油层
464.6472	371.1208	41.2716	19.4305	油层
464.6472	371.1208	40.4328	20.1041	油层
464.6472	371.1208	39.0418	21.1369	油层
425.4749	311.4885	37.6507	22.2749	油层
425.4749	311.4885	36.2597	23.5342	油层
425.4749	311.4885	34.8686	24.9341	油层
425.4749	311.4885	33.6908	26.2748	油层
392.3088	259.0439	32.513	27.7561	油层
392.3088	259.0439	31.3353	29.3999	油层
392.3088	259.0439	30.1575	31.2329	油层
392.3088	259.0439	29.8572	32.2226	油层
383.853	222.2033	29.557	33.2768	油层
383.853	222.2033	29.2567	34.4023	油层
383.853	222.2033	28.9564	35.6068	油层
383.853	222.2033	29.5392	35.7027	油层
400.2644	198.8405	30.122	35.8302	油层
400.2644	198.8405	30.7048	35.9901	油层
400.2644	198.8405	31.2876	36.1831	油层
400.2644	198.8405	32.1919	35.8606	油层
425.731	184.9149	33.0963	35.5762	油层
425.731	184.9149	34.0006	35.3278	油层
425.731	184.9149	34.905	35.1133	油层
425.731	184.9149	35.5724	34.7317	油层
444.5266	182.4413	36.2399	34.3661	油层
444.5266	182.4413	36.9073	34.0157	油层
444.5266	182.4413	37.5748	33.6797	油层
444.5266	182.4413	37.7138	33.2545	油层
448.4402	193.8573	37.8528	32.8402	油层
448.4402	193.8573	37.9917	32.4365	油层
448.4402	193.8573	38.1307	32.0428	油层
448.4402	193.8573	37.8233	31.6128	油层
439.7834	216.5252	37.5159	31.207	油层
445.3809	46.7797	37.5499	56.2588	干层
438.511	31.5346	37.3059	59.1556	干层
438.511	31.5346	37.0619	62.4925	干层
438.511	31.5346	36.818	66.3939	干层
438.511	31.5346	36.7327	69.8414	干层
439.0923	21.9104	36.7533	72.9534	干层
439.0923	21.9104	36.774	76.5087	干层
439.0923	21.9104	36.7946	80.6225	干层
439.0923	21.9104	36.9782	83.9827	干层
447.3269	16.3137	37.2706	86.7511	干层
447.3269	16.3137	37.5631	89.854	干层
447.3269	16.3137	37.8555	93.36	干层
447.3269	16.3137	38.3083	94.9907	干层
463.093	15.2606	38.8682	95.1698	干层
463.093	15.2606	39.428	95.376	干层
463.093	15.2606	39.9879	95.6095	干层
463.093	15.2606	40.6308	95.2784	干层
482.76	15.2197	41.3292	94.5763	干层
482.76	15.2197	42.0276	93.8965	干层
482.76	15.2197	42.726	93.2381	干层
482.76	15.2197	43.3608	92.3572	干层
499.4373	15.8129	43.953	91.3395	干层
499.4373	15.8129	44.5453	90.3477	干层
499.4373	15.8129	45.1375	89.3808	干层
499.4373	15.8129	45.5283	88.7527	干层
506.6543	16.0771	45.7846	88.343	干层
506.6543	16.0771	46.0409	87.9378	干层
506.6543	16.0771	46.2971	87.5368	干层
506.6543	16.0771	46.319	87.6799	干层
502.8616	15.5277	46.1843	88.1896	干层
502.8616	15.5277	46.0496	88.7062	干层
502.8616	15.5277	45.9149	89.23	干层
502.8616	15.5277	45.6059	90.2096	干层
490.8823	14.3286	45.1805	91.5237	干层
490.8823	14.3286	44.7551	92.8816	干层
490.8823	14.3286	44.3297	94.2854	干层
490.8823	14.3286	43.8641	95.69	干层
477.0151	13.2913	43.3717	97.1089	干层
477.0151	13.2913	42.8793	98.5749	干层
477.0151	13.2913	42.3868	99.9	干层
477.0151	13.2913	41.9697	99.9	干层
466.6868	12.8761	41.603	99.9	干层
466.6868	12.8761	41.2362	99.9	干层
466.6868	12.8761	40.8694	99.9	干层
466.6868	12.8761	40.6272	99.9	干层
462.2104	12.9514	40.4683	99.9	干层
462.2104	12.9514	40.3093	99.9	干层
462.2104	12.9514	40.1504	99.9	干层
462.2104	12.9514	40.1074	99.9	干层
463.1799	13.0929	40.1418	99.9	干层
463.1799	13.0929	40.1762	99.9	干层
463.1799	13.0929	40.2106	99.9	干层
463.1799	13.0929	40.2459	99.9	干层
464.1897	12.8341	40.2818	99.9	干层
464.1897	12.8341	40.3176	99.9	干层
464.1897	12.8341	40.3535	99.9	干层
464.1897	12.8341	40.2709	99.9	干层
459.6365	12.0236	40.1092	99.9	干层
459.6365	12.0236	39.9475	99.9	干层
427.7502	7.1546	36.3442	99.9	干层
427.7502	7.1546	35.5213	99.9	干层
427.7502	7.1546	34.4432	99.9	干层
392.5938	8.7934	33.1948	99.9	干层
392.5938	8.7934	31.9463	99.9	干层
392.5938	8.7934	30.6978	99.9	干层
392.5938	8.7934	29.4012	99.9	干层
355.1741	10.1883	28.0724	99.9	干层
355.1741	10.1883	26.7436	99.9	干层
355.1741	10.1883	25.4147	99.9	干层
355.1741	10.1883	24.325	99.9	干层
328.9846	11.8898	23.395	99.9	干层
328.9846	11.8898	22.465	99.9	干层
328.9846	11.8898	21.535	99.9	干层
328.9846	11.8898	20.9401	99.9	干层
318.5374	13.3738	20.5691	99.9	干层
318.5374	13.3738	20.1981	99.9	干层
318.5374	13.3738	19.8271	99.9	干层
318.5374	13.3738	19.674	99.9	干层
318.3223	13.4255	19.6664	99.9	干层
318.3223	13.4255	19.6587	99.9	干层
318.3223	13.4255	19.6511	99.9	干层
318.3223	13.4255	19.7459	99.9	干层
322.9155	12.304	19.909	99.9	干层
322.9155	12.304	20.0721	99.9	干层
322.9155	12.304	20.2352	99.9	干层
322.9155	12.304	20.4541	99.9	干层
330.1294	10.6235	20.7103	99.9	干层
330.1294	10.6235	20.9665	99.9	干层
330.1294	10.6235	21.2226	99.9	干层
330.1294	10.6235	21.5627	99.9	干层
341.2856	8.89	21.9589	99.9	干层
341.2856	8.89	22.3551	99.9	干层
341.2856	8.89	22.7513	99.9	干层
341.2856	8.89	23.2402	99.9	干层
356.7966	7.3045	23.791	99.9	干层
405.9819	10.5027	32.5365	99.9	干层
405.9819	10.5027	32.0019	99.9	干层
405.9819	10.5027	31.5108	99.9	干层
392.1541	13.3803	31.0198	99.9	干层
392.1541	13.3803	30.5287	99.9	干层
392.1541	13.3803	30.0795	99.9	干层
392.1541	13.3803	29.7981	99.9	干层
384.2302	15.7691	29.5167	99.9	干层
384.2302	15.7691	29.2353	99.9	干层
384.2302	15.7691	29.0065	99.9	干层
384.2302	15.7691	28.9888	99.9	干层
383.7324	16.1275	28.9711	99.9	干层
383.7324	16.1275	28.9534	99.9	干层
383.7324	16.1275	28.9826	99.9	干层
383.7324	16.1275	29.2002	99.9	干层
389.8591	14.0643	29.4177	99.9	干层
389.8591	14.0643	29.6353	99.9	干层
389.8591	14.0643	29.8836	99.9	干层
389.8591	14.0643	30.2553	99.9	干层
400.3264	10.7242	30.627	99.9	干层
456.8254	7.0873	39.2641	99.9	干层
456.8254	7.0873	39.293	99.9	干层
456.8254	7.0873	39.3218	99.9	干层
456.8254	7.0873	39.1997	99.9	干层
453.3882	8.1878	39.0777	99.9	干层
453.3882	8.1878	38.9556	99.9	干层
453.3882	8.1878	38.8335	99.9	干层
453.3882	8.1878	38.5439	99.9	干层
445.2314	10.8085	38.2542	99.9	干层
445.2314	10.8085	37.9646	99.9	干层
445.2314	10.8085	37.6749	99.9	干层
445.2314	10.8085	37.2552	99.9	干层
433.4121	13.6595	36.8355	99.9	干层
433.4121	13.6595	36.4158	99.9	干层
433.4121	13.6595	35.996	99.9	干层
433.4121	13.6595	35.5438	99.9	干层
420.678	14.8383	35.0916	99.9	干层
420.678	14.8383	34.6394	99.9	干层
420.678	14.8383	34.1872	99.9	干层
420.678	14.8383	33.8215	99.9	干层
410.3806	13.5151	33.4559	99.9	干层
410.3806	13.5151	33.0902	99.9	干层
410.3806	13.5151	32.7245	99.9	干层
410.3806	13.5151	32.5214	99.9	干层
404.6616	10.723	32.3183	99.9	干层
404.6616	10.723	32.1152	99.9	干层
404.6616	10.723	31.9122	99.9	干层
404.6616	10.723	31.8693	99.9	干层
403.4534	8.3491	31.8263	99.9	干层
403.4534	8.3491	31.7834	99.9	干层
403.4534	8.3491	31.7405	99.9	干层
403.4534	8.3491	31.8041	99.9	干层
405.2432	8.1968	31.8677	99.9	干层
405.2432	8.1968	31.9312	99.9	干层
405.2432	8.1968	31.9948	99.9	干层
405.2432	8.1968	32.1327	99.9	干层
409.1282	10.8612	32.2707	99.9	干层
409.1282	10.8612	32.4087	99.9	干层
409.1282	10.8612	32.5466	99.9	干层
409.1282	10.8612	32.7627	99.9	干层
415.2119	14.9373	32.9787	99.9	干层
415.2119	14.9373	33.1947	99.9	干层
415.2119	14.9373	33.4108	99.9	干层
415.2119	14.9373	33.7304	99.9	干层
424.2126	17.788	34.05	99.8333	干层
424.2126	17.788	34.3697	97.173	干层
424.2126	17.788	34.6893	94.676	干层
424.2126	17.788	35.1351	94.5672	干层
436.7673	17.1089	35.581	94.4734	干层
436.7673	17.1089	36.0268	94.3944	干层
436.7673	17.1089	36.4726	94.33	干层
436.7673	17.1089	37.0271	96.6722	干层
452.3804	13.1087	37.5815	99.2888	干层
452.3804	13.1087	38.136	99.9	干层
452.3804	13.1087	38.6904	99.9	干层
452.3804	13.1087	39.2581	99.9	干层
468.3665	8.3357	39.8258	99.9	干层
468.3665	8.3357	40.3935	99.9	干层
468.3665	8.3357	40.9611	99.9	干层
448.7722	8.6524	38.1779	99.9	干层
448.7722	8.6524	37.8472	99.9	干层
439.4614	11.2646	37.5166	99.9	干层
439.4614	11.2646	37.186	99.9	干层
439.4614	11.2646	36.8553	99.9	干层
439.4614	11.2646	36.605	99.9	干层
432.4124	13.3416	36.3547	99.9	干层
432.4124	13.3416	36.1044	99.9	干层
432.4124	13.3416	35.854	99.9	干层
432.4124	13.3416	35.7273	99.9	干层
428.8425	14.0283	35.6005	99.9	干层
428.8425	14.0283	35.4737	99.9	干层
428.8425	14.0283	35.347	99.9	干层
428.8425	14.0283	35.3571	99.9	干层
429.1296	13.2808	35.3673	99.9	干层
429.1296	13.2808	35.3775	99.9	干层
429.1296	13.2808	35.3877	99.9	干层
429.1296	13.2808	35.5126	99.9	干层
432.6448	11.8322	35.6374	99.9	干层
432.6448	11.8322	35.7622	99.9	干层
432.6448	11.8322	35.887	99.9	干层
432.6448	11.8322	36.0803	99.9	干层
438.0862	10.4598	36.2735	99.9	干层
438.0862	10.4598	36.4667	99.9	干层
438.0862	10.4598	36.66	99.9	干层
438.0862	10.4598	36.8684	99.9	干层
460.9265	9.1499	40.3363	99.9	低产油层
460.9265	9.1499	40.1203	99.9	低产油层
460.9265	9.1499	39.9043	99.9	低产油层
460.9265	9.1499	39.7068	99.9	低产油层
455.3645	12.0888	39.5093	99.9	低产油层
455.3645	12.0888	39.3118	99.9	低产油层
455.3645	12.0888	39.1143	99.9	低产油层
455.3645	12.0888	38.9347	99.9	低产油层
450.3071	15.1509	38.7551	99.9	低产油层
450.3071	15.1509	38.5755	99.9	低产油层
450.3071	15.1509	38.3959	98.1512	低产油层
450.3071	15.1509	38.2043	96.5029	低产油层
444.9128	17.4115	38.0128	94.9485	低产油层
444.9128	17.4115	37.8212	93.48	低产油层
444.9128	17.4115	37.6297	92.0904	低产油层
444.9128	17.4115	37.4056	91.9929	低产油层
438.6025	17.9263	37.1815	91.9002	低产油层
438.6025	17.9263	36.9574	91.8125	低产油层
438.6025	17.9263	36.7333	91.7296	低产油层
438.6025	17.9263	36.4975	92.9592	低产油层
431.9634	16.5434	36.2618	94.2272	低产油层
431.9634	16.5434	36.026	95.5353	低产油层
431.9634	16.5434	35.7903	96.8858	低产油层
431.9634	16.5434	35.6025	99.2321	低产油层
426.6758	13.9069	35.4147	99.9	低产油层
426.6758	13.9069	35.2269	99.9	低产油层
426.6758	13.9069	35.0392	99.9	低产油层
426.6758	13.9069	34.9957	99.9	低产油层
425.4514	10.9589	34.9522	99.9	低产油层
425.4514	10.9589	34.9087	99.9	低产油层
425.4514	10.9589	34.8653	99.9	低产油层
425.4514	10.9589	35.0116	99.9	低产油层
429.5713	8.4657	35.1579	99.9	低产油层
482.2144	7.3929	42.9497	99.9	低产油层
482.2144	7.3929	42.939	99.9	低产油层
482.2144	7.3929	42.9282	99.9	低产油层
482.2144	7.3929	42.919	99.9	低产油层
481.957	8.7125	42.9099	99.9	低产油层
481.957	8.7125	42.9008	99.9	低产油层
481.957	8.7125	42.8916	99.9	低产油层
481.957	8.7125	42.8935	99.9	低产油层
482.0103	11.2863	42.8954	99.9	低产油层
482.0103	11.2863	42.8973	99.9	低产油层
482.0103	11.2863	42.8992	99.9	低产油层
482.0103	11.2863	42.921	99.9	低产油层
482.6233	14.7124	42.9427	99.9	低产油层
482.6233	14.7124	42.9645	97.7316	低产油层
482.6233	14.7124	42.9863	94.6731	低产油层
482.6233	14.7124	43.0329	92.0787	低产油层
483.9368	17.8459	43.0796	89.6761	低产油层
483.9368	17.8459	43.1262	87.4429	低产油层
483.9368	17.8459	43.1728	85.3601	低产油层
483.9368	17.8459	43.2355	84.2413	低产油层
485.7024	19.5682	43.2982	83.1616	低产油层
485.7024	19.5682	43.3609	82.1187	低产油层
485.7024	19.5682	43.4236	81.1106	低产油层
485.7024	19.5682	43.4846	81.0175	低产油层
487.4199	19.6465	43.5456	80.9246	低产油层
487.4199	19.6465	43.6066	80.832	低产油层
487.4199	19.6465	43.6676	80.7396	低产油层
487.4199	19.6465	43.7114	81.0684	低产油层
488.6545	18.9762	43.7553	81.4018	低产油层
488.6545	18.9762	43.7991	81.7399	低产油层
488.6545	18.9762	43.843	82.0827	低产油层
488.6545	18.9762	43.8694	82.0801	低产油层
489.3984	18.9424	43.8958	82.0775	低产油层
489.3984	18.9424	43.9222	82.075	低产油层
489.3984	18.9424	43.9486	82.0724	低产油层
489.3984	18.9424	43.9696	81.1348	低产油层
489.9883	20.5838	43.9905	80.2269	低产油层
489.9883	20.5838	44.0115	79.3471	低产油层
489.9883	20.5838	44.0324	78.4941	低产油层
489.9883	20.5838	44.0591	76.8513	低产油层
490.738	23.9165	44.0857	75.303	低产油层
490.738	23.9165	44.1123	73.8403	低产油层
490.738	23.9165	44.1389	72.4558	低产油层
490.738	23.9165	44.1721	71.0577	低产油层
491.6726	27.4621	44.2053	69.7335	低产油层
491.6726	27.4621	44.2385	68.4769	低产油层
491.6726	27.4621	44.2717	67.2823	低产油层
491.6726	27.4621	44.3116	66.7429	低产油层
492.7961	29.071	44.3515	66.2151	低产油层
492.7961	29.071	44.3914	65.6986	低产油层
492.7961	29.071	44.4313	65.1928	低产油层
492.7961	29.071	44.4815	65.6198	低产油层
494.2097	27.5294	44.5317	66.0559	低产油层
494.2097	27.5294	44.5819	66.5014	低产油层
494.2097	27.5294	44.6321	66.9568	低产油层
494.2097	27.5294	44.6834	68.2138	低产油层
495.6545	23.6042	44.7347	69.5445	低产油层
495.6545	23.6042	44.786	70.9563	低产油层
495.6545	23.6042	44.8373	72.4575	低产油层
495.6545	23.6042	44.862	74.189	低产油层
496.3494	19.4201	44.8866	76.048	低产油层
496.3494	19.4201	44.9113	78.0508	低产油层
496.3494	19.4201	44.936	80.2167	低产油层
496.3494	19.4201	44.907	81.7283	低产油层
495.5317	16.7533	44.8779	83.3238	低产油层
495.5317	16.7533	44.8489	85.0113	低产油层
495.5317	16.7533	44.8199	86.7999	低产油层
495.5317	16.7533	44.7362	87.5178	低产油层
493.1758	15.8154	44.6525	88.2512	低产油层
493.1758	15.8154	44.5689	89.0007	低产油层
493.1758	15.8154	44.4852	89.7668	低产油层
493.1758	15.8154	44.3687	89.9419	低产油层
489.8958	15.7197	44.2522	90.1179	低产油层
489.8958	15.7197	44.1358	90.2947	低产油层
489.8958	15.7197	44.0193	90.4724	低产油层
489.8958	15.7197	43.904	90.6189	低产油层
486.6506	15.6647	43.7888	90.766	低产油层
486.6506	15.6647	43.6736	90.9137	低产油层
486.6506	15.6647	43.5583	91.0622	低产油层
486.6506	15.6647	43.4769	91.456	低产油层
484.3567	15.2512	43.3954	91.8538	低产油层
484.3567	15.2512	43.3139	92.2557	低产油层
484.3567	15.2512	43.2325	92.6618	低产油层
484.3567	15.2512	43.195	93.5085	低产油层
483.3025	14.2498	43.1576	94.3769	低产油层
483.3025	14.2498	43.1202	95.2678	低产油层
483.3025	14.2498	43.0827	96.1822	低产油层
483.3025	14.2498	43.067	97.4875	低产油层
482.8579	12.8258	43.0512	98.8446	低产油层
482.8579	12.8258	43.0354	99.9	低产油层
482.8579	12.8258	43.0196	99.9	低产油层
482.8579	12.8258	42.9813	99.9	低产油层
481.7788	11.5427	42.9429	99.9	低产油层
477.0015	7.1534	42.1877	99.9	低产油层
477.0015	7.1534	41.8772	99.9	低产油层
468.2573	10.9455	41.5667	99.9	低产油层
468.2573	10.9455	41.2562	99.9	低产油层
468.2573	10.9455	40.9456	99.9	低产油层
468.2573	10.9455	40.6863	99.9	低产油层
460.9529	15.4282	40.4269	99.9	低产油层
460.9529	15.4282	40.1675	99.0651	低产油层
460.9529	15.4282	39.9081	95.4939	低产油层
460.9529	15.4282	39.7117	93.2196	低产油层
455.4216	18.5996	39.5152	91.1156	低产油层
455.4216	18.5996	39.3188	89.1624	低产油层
455.4216	18.5996	39.1224	87.3437	低产油层
455.4216	18.5996	38.9869	87.2056	低产油层
451.6052	19.0523	38.8513	87.0701	低产油层
451.6052	19.0523	38.7158	86.937	低产油层
451.6052	19.0523	38.5803	86.8066	低产油层
451.6052	19.0523	38.5022	88.1189	低产油层
449.405	17.0435	38.424	89.4858	低产油层
449.405	17.0435	38.3459	90.9112	低产油层
449.405	17.0435	38.2678	92.3994	低产油层
449.405	17.0435	38.2501	94.6405	低产油层
448.9089	14.0356	38.2325	97.0449	低产油层
448.9089	14.0356	38.2149	99.6332	低产油层
448.9089	14.0356	38.1973	99.9	低产油层
448.9089	14.0356	38.2427	99.9	低产油层
450.1865	11.2744	38.288	99.9	低产油层
450.1865	11.2744	38.3334	99.9	低产油层
450.1865	11.2744	38.3788	99.9	低产油层
450.1865	11.2744	38.4688	99.9	低产油层
452.7217	9.3392	38.5588	99.9	低产油层
452.7217	9.3392	38.6488	99.9	低产油层
452.7217	9.3392	38.7389	99.9	低产油层
449.3691	13.8151	39.0102	99.9	低产油层
449.3691	13.8151	38.6703	99.9	低产油层
449.3691	13.8151	38.3304	99.9	低产油层
449.3691	13.8151	37.9745	99.9	低产油层
439.2354	18.6534	37.6146	96.32	低产油层
439.2354	18.6534	37.2548	93.1155	低产油层
439.2354	18.6534	36.8949	90.2583	低产油层
439.2354	18.6534	36.6133	88.5723	低产油层
431.854	21.4667	36.3512	87.2107	低产油层
431.854	21.4667	36.0891	85.9294	低产油层
431.854	21.4667	35.8269	84.7218	低产油层
431.854	21.4667	35.6978	84.8785	低产油层
429.1494	20.7441	35.6018	85.37	低产油层
429.1494	20.7441	35.5057	85.8682	低产油层
429.1494	20.7441	35.4097	86.373	低产油层
429.1494	20.7441	35.4306	87.9115	低产油层
430.5574	17.4455	35.4806	89.8119	低产油层
430.5574	17.4455	35.5306	91.8422	低产油层
430.5574	17.4455	35.5806	94.0175	低产油层
430.5574	17.4455	35.6847	96.4735	低产油层
433.8674	13.8368	35.8022	99.1739	低产油层
433.8674	13.8368	35.9198	99.9	低产油层
433.8674	13.8368	36.0373	99.9	低产油层
433.8674	13.8368	36.1458	99.9	低产油层
436.8591	11.3723	36.252	99.9	低产油层
436.8591	11.3723	36.3583	99.9	低产油层
436.8591	11.3723	36.4645	99.9	低产油层
